0.4336    3.5699
-0.1685    3.4075
-0.2185    1.1469
0.5413    0.7873
0.3893   -1.2781
0.7512   -0.5846
1.7783   -0.6194
1.2231    0.5353
-1.2833    0.4830
-2.3290    0.1085
0.9019   -0.3403
-1.8356   -0.9258
0.0668    0.0053
0.0355    1.1391
2.2272    0.4274
-0.0692    0.1810
-0.5073    0.6575
0.2358    0.5842
0.2458   -1.6165
0.0700    0.0188
-0.6086   -0.4260
-1.2226   -2.0340
0.3165   -1.3286
-1.3429   -0.3199
-1.0322    0.8254
1.3312   -0.2293
-0.4189    0.2623
-0.1403   -0.8980
0.8998   -2.1573
-0.3001    0.0939
1.0294   -0.9512
-0.3451    1.1726
1.0128    1.7351
0.6293   -0.3717
-0.2130    1.1929
-0.8657    0.9536
-1.0431   -1.4150
-0.2701   -0.0334
-0.4381    0.2611
-0.4087    0.5230
0.9835    0.6768
-0.2977    0.6744
1.1437    0.6784
-0.5316   -0.3126
0.9726    0.3792
-0.5223   -2.2529
0.1766   -1.1684
0.9707    1.2020
-0.4140   -0.6607
-0.4383    0.3276
2.0034    1.5081
0.9510   -0.8889
-0.4320   -0.9593
0.6489   -0.4927
-0.3601    0.4411
0.7059   -0.2048
1.4158   -0.9778
-1.6045   -1.5729
1.0289   -0.3703
1.4580   -0.2211
0.0475   -0.5352
1.7463   -0.2620
0.1554   -1.0954
-1.2371    0.5492
-2.1935   -2.1746
-0.3334    0.1446
0.7135    0.6690
0.3174   -0.8488
0.4136   -0.0571
-0.5771    0.2918
0.1440   -0.6146
-1.6387   -0.0136
-0.7601    0.4121
-0.8188   -0.9371
0.5197    0.8352
-0.0142    1.0945
-1.1555    0.3212
-0.0095    0.0151
-0.6898   -1.1645
-0.6667    0.4948
0.8641   -1.2158
0.1134    1.5908
0.3984    0.5265
0.8840    0.2648
0.1803   -0.3936
0.5509   -2.1763
0.6830   -1.1957
1.1706    0.3653
0.4759    2.4124
1.4122    0.7402
0.0226    0.3097
-0.0479   -0.5420
1.7013    0.1223
-0.5097    0.9623
-0.0029   -0.2540
0.9199    1.8918
0.1498   -1.2203
1.4049   -0.3762
1.0341    0.0524
0.2916   -1.9539
-0.7777    0.5654
0.5667    0.0778
-1.3826    0.0807
0.2445    0.7947
0.8084    1.0437
0.2130    0.8022
0.8797   -0.4688
2.0389   -0.0466
0.9239    0.3535
0.2669   -1.2568
0.6417   -1.0360
0.4255   -0.4270
-1.3147    0.0777
-0.4164    1.7909
1.2247    0.7973
-0.0436   -0.4425
0.5824   -0.6291
-1.0065    1.5338
0.0645    2.7335
0.6003    0.1674
-1.3615   -0.4789
0.3476   -1.4127
-0.1818    0.9750
-0.9395    0.2897
-0.0375    1.1654
-1.8963   -0.9087
-2.1280    0.2406
-1.1769   -0.6540
-0.9905    1.2750
-1.1730   -0.5512
-1.7254   -0.0874
0.2882   -0.3478
-1.5942    0.9940
0.1102    0.4284
0.7871   -1.0042
-0.0022   -0.6327
0.0931   -1.0457
-0.3782    0.5057
-1.4827    0.3320
-0.0438   -1.6354
0.9608   -1.9068
1.7382   -0.0404
-0.4302    0.6972
-1.6273    0.1688
0.1663   -1.5438
0.3763   -1.5518
-0.2270    0.8671
-1.1489   -0.1454
2.0243   -0.3862
-2.3595    1.3162
-0.5100   -0.7965
-1.3216    0.1354
-0.6361    0.4178
0.3179    0.8199
0.1380   -0.8544
-0.7107    0.3573
0.7770    2.7485
0.6224   -1.5130
0.6474    0.4340
-0.4256   -0.2298
1.0486   -0.8271
0.6607   -0.8320
2.5088    0.4979
1.0635    2.3156
1.1569   -0.7938
0.0530    0.5410
-1.2884   -0.5591
-0.3712    1.9766
-0.7578    0.5447
-0.5640   -0.1379
0.5551    0.6199
-0.5568   -0.0056
-0.8951    1.1072
-0.4093   -0.1856
-0.1609   -1.1214
0.4093    0.2464
-0.9526    1.5610
0.3173   -1.1966
0.0780   -0.2423
1.3244    1.0048
-0.2132   -1.9201
-0.1345    0.6254
-1.1714    0.7530
-1.3853    0.2135
0.3105   -0.7702
-0.2495   -0.0071
0.5037    0.0932
-0.8927    0.9353
1.9085    0.6635
0.1222   -0.3502
1.0470    1.6199
-0.2269   -0.0508
-0.1625   -0.8127
0.6901   -0.4384
0.5558    0.8586
-1.1203    0.1952
-1.5327    0.8889
-1.0979    0.0692
-1.4158    2.4868
0.0596   -1.6656
-0.4113   -0.4159
-0.3680   -0.0842
-1.3610    0.0893
0.7796    1.4561
0.4394    0.2195
-0.0896   -0.1149
1.0212    0.0686
-0.8740    0.7515
0.4147   -0.6894
0.3484    0.4508
0.3493   -1.5650
-0.7292   -0.0788
0.3268   -0.9418
-0.5149   -0.6529
-0.8964    0.2825
-1.2033   -1.1251
1.0378   -0.9890
-0.8459   -1.5159
-0.1729   -2.2285
-1.2087   -0.1515
-0.2971    1.1627
-3.2320   -0.1819
-1.0870   -0.2340
-1.4264   -1.0467
-1.0145    1.5833
-0.2133   -0.2494
-0.3253    1.2940
1.9444    0.3620
-0.5718   -0.2631
-0.2500    1.0821
-1.5693    0.9824
-0.4774   -0.1114
-1.3380    1.2960
0.0303    1.7813
0.8531   -0.0656
0.4043   -0.2557
-0.7006    0.4046
-1.6305    0.3518
1.4600    0.8075
2.0500   -0.2556
0.1205    0.7151
-0.9899    1.0486
1.1978    0.1775
-0.5927    0.1533
-0.4698   -1.2543
0.8864   -1.1728
-1.3852   -1.4614
-1.9568   -1.2443
0.4207   -0.1551
0.4007   -1.6149
0.0951    2.2461
0.4967    0.7393
1.0822   -2.0676
0.9704   -1.1546
-0.5686   -0.1072
0.8100   -1.7129
0.1732   -0.4599
-0.5055    1.0910
-1.1933   -0.1639
0.6470   -0.0672
-0.3536   -1.0016
0.0464   -0.5557
-0.7929   -1.3516
-1.5505    0.3642
0.1716   -0.4522
-0.0621    0.7834
1.1990    1.2372
0.8017    1.0772
1.0533   -0.0348
-0.7489   -0.5040
-0.9363   -1.2240
-1.2691    0.1185
0.4980    0.9595
2.7891   -0.3409
0.7276   -0.1733
-0.7731    0.6163
0.8366    0.8639
-1.1283   -1.4169
-1.4245    0.2000
0.7174    0.1958
-0.7779   -0.1511
0.3160    0.8928
1.4065   -0.3642
0.4011   -0.8262
0.9297    0.2760
-1.6058    0.4598
0.6615   -0.2175
2.1385    0.7961
0.5411   -1.5180
-1.5409   -1.0749
-0.2031   -3.0722
-0.5000    0.5214
0.3830   -0.9910
0.4120   -0.2531
0.4055    1.0093
-0.3638    0.0510
-0.5993   -0.4404
-0.5896   -0.8485
0.8535   -0.2404
-1.8530    0.6029
-0.2073   -1.5163
0.2704   -0.0683
-0.6528    0.7824
0.4772   -1.4207
-0.0713    0.6694
-0.9383    0.6832
0.1614   -0.8821
-0.2682   -1.5045
-0.4099    0.4331
-0.7113    0.8083
0.0614    0.5789
-1.8461    0.7628
-0.3983   -1.1821
-0.5435    0.5838
-0.9119   -0.5800
0.6527   -0.5614
-0.7343   -1.5559
0.5406    1.1002
0.9758    0.1751
-0.1569    1.0036
0.2778    1.5110
0.6395   -1.1372
-0.0810    0.6430
0.5409   -0.0128
-1.2626    0.9143
1.1104    1.1077
-0.9896    0.8205
-1.8288   -0.8176
1.3845   -0.1265
-0.0627    0.2641
0.4489    3.1585
-0.3633    1.2266
-1.0206    2.3206
-3.0730    0.4145
0.6263    0.2118
-0.2867    0.6132
-0.1973   -0.5278
0.4056    1.2416
-1.4193   -0.1576
-0.7294   -1.3736
1.1473    0.8708
0.5979   -1.5685
-1.2813   -1.8443
-2.2033    0.2884
-0.5712   -0.9509
0.2140   -0.9107
0.9424   -0.1619
0.0937   -0.4889
-1.1223   -0.2228
0.3062    0.2721
-1.1723   -1.1685
-0.9610   -1.2242
-0.6537   -2.0995
-1.2294   -0.3902
-0.2710    0.6643
-0.9000   -0.7023
-0.2857    0.5013
-0.4624    0.5403
-0.4098    0.9908
-0.5035    0.9894
1.2333   -0.6888
0.6103   -0.8568
0.0591    0.0484
-1.4669   -0.6649
-1.6258    1.4527
-1.9648    1.3798
2.6052    0.0951
0.9724   -0.4271
0.2570    0.5108
-0.9742   -0.6563
-1.1464   -0.1250
0.5476   -0.5305
1.5651    0.1056
-1.6933    1.1284
-0.4494    0.7425
-0.0843    1.1436
-1.9920   -0.9147
0.8412    0.1798
-0.4147   -0.9833
1.9122    0.3848
-0.3909    0.3257
0.4092    1.2963
-1.1424    1.0992
-0.6249    0.6532
-1.1687   -0.5051
0.3926   -0.4760
1.3018   -2.0516
-0.5936   -0.4483
0.4364   -1.5512
-0.5044    0.9298
0.1021    0.9019
1.1963    0.1383
0.1203   -0.3784
-1.0368    0.1431
-0.8571    1.6050
-0.1699    1.3491
-0.1917   -0.4484
-0.8658    0.1684
0.1807   -1.1205
1.2665    0.4007
-0.2512    0.7391
-0.2046    0.9000
-2.2015   -1.5312
-0.7745    0.5046
-1.3933   -0.8642
-0.3862   -0.3766
0.5256    0.7880
1.5233    0.2982
1.7985   -0.1637
-0.1169    0.6067
-0.3202    1.6345
0.8175   -0.6235
0.4902   -1.3501
0.7653   -1.1622
0.7783   -0.9443
-1.4803   -0.6712
0.5404    0.5767
-0.0915   -2.0858
-0.7603    0.2360
-0.6936   -0.7784
1.2815    1.0996
-0.8097   -0.8556
-1.2368    0.0076
0.2147   -0.9376
2.0108   -0.6816
0.0256   -0.2601
0.3083   -0.2288
-0.9382   -0.5248
1.6742    1.1283
0.1250    0.5501
0.5301    1.8551
-0.9521   -0.2773
0.8540    1.0666
0.3891   -2.0992
-1.1560    0.6385
0.0397    0.3715
-0.4506   -0.3742
0.1092    0.6953
-0.2506    0.8776
-0.1899    1.0336
-1.0329    0.4198
-0.3233    0.6011
0.7665   -0.6740
1.7447   -1.0952
-1.1605   -0.2676
2.3774    0.1866
1.5261    0.9509
0.1685   -0.7905
-0.3012   -0.4895
-0.6987    2.9745
0.8328   -0.6226
-0.6946    1.9203
-0.4619    0.9611
0.8836   -0.5578
0.4359   -0.1066
0.8967   -0.2152
0.5047    0.4735
-0.4009    1.3656
-0.5138   -1.6378
0.7964    2.0237
-0.6712    0.7778
1.1867   -0.5489
0.7907   -0.1260
0.2877    0.2996
0.0032    0.2962
0.3656    1.2008
3.5267    1.0902
-0.1124   -0.3587
-1.5566   -0.1299
1.9151    0.7337
0.6098    0.1203
-0.6479    1.1363
2.6173   -0.6868
0.5510    0.4717
0.2942    0.2883
-0.7778    1.3919
-1.0649   -1.3455
-1.7684    0.0007
-0.4229    0.0535
-1.0531   -2.3419
0.6478    1.2481
-0.3176    2.8092
1.7690   -0.2322
1.5106    0.2870
0.1640   -0.4646
-0.2828    0.3843
1.1522   -0.3798
-1.1465   -0.1018
0.6737    1.6182
-0.6691   -0.8472
-0.4003   -0.5759
-0.6718   -0.0759
0.5756   -0.1325
-0.7781    1.4393
-1.0636    2.0313
0.5530   -0.9782
-0.4234   -0.6410
0.3616    0.5205
-0.3519   -0.3807
0.2695    1.9929
-2.5644    1.6359
0.4659    0.5590
1.8536    0.5636
1.0393   -0.3384
0.9109    0.7636
-0.2397    1.1274
0.1810    0.1416
0.2442    1.9281
0.0964    0.6706
-0.8305   -0.1101
-0.3523    0.3710
-0.1748    1.0966
-0.4807   -0.3982
0.8368   -0.0855
2.5383    2.3733
-1.3233   -0.4739
0.1283    0.9463
-1.4424    0.8182
1.3025    1.5890
1.4099    0.5260
-1.6625   -2.4652
1.9437   -0.8525
-1.0847    0.5117
0.2268    0.2578
1.0989    1.9624
0.1472    1.4063
2.2957    0.4968
2.7526    0.0828
0.1383   -1.5485
-1.9071    1.8632
-0.3650    0.1340
-0.8481   -1.5460
-0.7648    0.4333
-1.1277    0.1030
0.0782   -0.5703
2.1066    0.4931
-0.7158   -0.7075
-0.2805   -1.3480
1.1665   -1.7543
1.2128   -0.3638
0.4855   -0.6271
1.0260    0.4402
0.8707   -1.5026
-0.3818   -0.2082
0.4289   -1.5051
-0.2991    1.8097
-0.8999   -0.1170
0.6347    1.2262
0.0675    0.4949
-0.1871    0.9086
0.2917   -1.1542
0.9877    1.2576
0.3929    1.4525
0.1946   -2.0768
0.2798   -0.1765
0.0512   -0.6521
-0.7745    0.1565
0.7868   -0.8502
1.4089    0.2790
-0.5341    0.5971
1.9278    0.2447
-0.1762   -0.1183
-0.2438   -1.2894
-0.8976    0.0576
-0.7923   -0.5209
-0.9530   -1.2790
0.3539   -0.0562
1.5970   -0.2097
0.5275    0.1921
0.8542    0.9923
1.3418    0.5762
-2.4995    1.3058
-0.1676   -0.7293
0.3530   -0.8646
0.7173   -0.0949
-1.3049    1.3832
-1.0059    1.3037
0.7907   -0.1258
-0.1166   -0.5969
0.5531   -1.5206
-0.9606    0.6718
-1.6338    0.0228
0.7612   -1.1778
1.1933   -0.3346
1.6321   -1.8295
-1.5322    0.4300
-1.3369   -0.1740
-1.4738    1.6312
-0.0417   -1.3594
-0.6155    0.9705
1.3142    0.1436
-1.4551    0.0826
-1.7423    0.7167
0.2053    1.1935
1.1929   -1.0711
-0.8028    1.3189
-1.2656   -1.2100
-0.1493   -1.0741
-1.6364   -0.6726
0.0173    0.7365
0.8284   -1.0700
0.2177    0.3347
-1.9092    0.4119
-0.5368    0.1541
-0.3020    0.5546
1.8136   -1.1728
0.9149    1.0076
-0.0571    0.1135
1.3094    0.7301
-1.0447   -0.9835
-0.3483    0.0520
1.4126    0.8776
1.5024    1.0141
0.7304   -0.0843
0.4908   -1.8535
-0.5861   -1.0968
0.7449    0.2186
-0.8282    0.7942
0.5745    0.4631
0.2818   -0.6126
1.1393    2.2444
-0.4259    0.0723
0.6361    0.8655
0.7932   -0.4157
-0.8984   -1.1149
0.1562    0.6853
1.5973    1.0377
0.1124    1.8222
-0.3086   -0.5290
0.4567   -1.6280
-0.2751    1.6173
0.4431    0.2641
-0.1348   -1.1271
-0.0183   -0.5592
0.4608   -0.8088
1.3623    1.1610
0.4519    0.5921
1.6484    0.2427
-2.0284    0.2405
-0.4493   -0.8215
0.2360    0.9931
-0.8352    0.3464
-1.2760   -0.2611
0.6170   -0.1847
0.6127   -0.1017
0.2894   -0.8870
0.3953    0.7414
-0.8706    1.3922
-0.4977    2.4739
-0.1067    0.5039
-0.6878   -0.8225
0.3319    0.2010
2.3652   -1.0071
-0.4822   -0.6132
0.6474   -0.6590
-1.0344   -0.8332
1.3396    0.3782
-0.9691   -1.1153
0.2087    0.6672
-0.6186    0.7953
0.5120    1.0375
0.0114   -0.0204
-0.0440    0.6190
2.9491    1.8031
-0.6300    0.0530
-0.0469   -0.1779
2.6830    1.7725
-1.1467   -2.5088
0.5530   -0.4566
-1.0765    2.4304
1.0306   -0.4715
0.3275   -0.5603
0.6521   -1.2265
-0.2789    0.7930
0.2452   -2.1099
1.4725   -0.7994
-2.2751    0.5670
-1.6333   -0.0014
0.4155    0.6239
-0.6548    0.1264
-0.2963    0.6809
-1.4969   -1.2874
-0.9048    0.2181
-0.4042   -1.5666
-0.7258    0.7833
-0.8665   -0.3106
-0.4218    0.6553
-0.9427   -0.5375
1.3419    0.3286
-0.9884    1.0541
1.8179   -1.9797
-0.3744   -1.8674
-1.4517   -1.8324
-0.6187    0.8486
0.9345    0.4052
1.0559   -0.7025
0.1602    1.4990
0.2874    0.1378
0.6329   -1.5868
-1.4590   -1.0191
-0.5817   -1.3852
-1.8301    0.9549
-0.4491   -0.6011
0.9493   -1.1719
0.7174   -0.5771
2.2878   -0.8364
0.1667    0.8530
-2.1565    0.4773
1.6894    0.3023
1.2823    0.4158
-0.5826    0.0430
0.2226   -0.9489
0.7795    0.5416
0.3847   -0.8211
0.6964   -1.0719
-0.1127   -1.0741
-0.0388    0.8696
0.0881    0.9811
-0.7897   -1.7588
1.4230   -0.1481
0.0063    0.2519
0.6865   -0.6104
-0.8549    0.7610
-1.0752    0.2544
-0.0910   -0.1528
-0.2528   -0.5574
1.1948    0.6770
0.6061    0.8493
0.5405    0.4693
-1.4449   -0.2398
-0.9677    0.9210
0.2021   -0.9069
-0.3479    0.1444
1.2901    1.3964
1.3412   -0.1897
-0.5808   -0.8438
0.8751    1.9434
1.3954   -0.2469
0.3210    0.4416
1.6234   -0.8036
1.0624    0.2876
0.2141    0.4670
0.8768    0.0046
0.1944    0.3261
-0.4149    1.2046
0.3585   -1.4041
0.0362    0.2056
-0.3646   -1.9912
1.7710    0.0284
0.2213    1.9305
2.7304    0.9411
-0.2962   -0.0069
0.5643   -0.3382
1.5826    0.5283
2.7292    1.0569
0.3036    0.0147
-0.7903    1.6148
0.8034   -0.8159
-1.3199   -1.9978
-0.2738   -0.7482
0.2719   -0.1993
1.4896   -0.3728
1.4371   -0.8474
-0.0276    1.3372
0.9239   -1.6163
-0.3213   -0.4918
0.6611   -0.9693
1.9153   -0.4741
0.1568   -0.6662
-0.3005    0.4784
-0.5000   -1.0411
0.7165   -0.8207
1.3373    0.1011
2.1257    1.0840
0.0540   -1.8545
0.1630    1.7998
-0.6327   -0.8784
1.6120    0.6477
-0.0754    1.0496
-0.4732    1.3231
2.1842   -0.5174
0.8099    0.0243
0.7163   -0.1624
-1.0056   -0.6057
0.4340    0.2717
0.5201    0.3586
-1.0922   -0.3523
-0.2258    0.1324
-0.4049    2.6736
0.5279   -0.0076
-1.0070    0.7103
1.0890   -0.4625
1.7849   -0.5279
-0.3038   -0.3458
-0.0087    0.5646
0.5066   -0.8015
1.2033   -1.8529
0.5220    0.0532
0.3970   -0.4364
-0.4828    0.2800
-0.2315    0.0846
0.6134    0.7291
1.6829    0.9008
0.5684   -1.3256
-1.2060   -1.5246
0.4331    0.5024
-0.0921    0.3064
-0.2441   -0.9392
-0.2192    1.2374
-0.8798    0.0330
-0.3208    0.1236
-0.7844    0.2739
-0.3650    0.7542
0.1173    1.5245
0.1743   -0.2620
-0.2157   -1.7307
-0.1526    1.0135
0.0337   -0.9277
0.4583    1.2437
1.2816   -0.5895
0.6201    1.4915
-0.2867   -0.8060
0.5980   -1.1126
-0.2455    0.9569
-1.7807   -1.3631
-2.3472    0.6806
-1.7136    0.4378
-0.2371   -0.1433
-0.6196   -0.3415
-0.7202    2.0578
0.0407   -0.3745
-0.6590   -0.1902
-0.6305   -0.9387
0.6096   -0.8135
0.7823   -0.5836
2.4366    1.7095
0.3024   -0.3904
0.0583   -0.6901
-0.5741   -0.4482
-0.1952    0.7144
-0.0505   -1.3157
-1.7558    0.6271
-0.2574   -1.3313
0.7495   -0.1308
-0.5708   -1.8269
0.4942    0.5359
0.9914    0.6929
1.0771   -0.6875
0.7768    0.3176
-2.2598    0.1628
-0.5644    1.1591
0.9015    0.1284
0.3947    1.0395
0.0049   -0.1168
0.4369   -0.6483
1.1301   -0.0380
0.1538   -0.1993
-0.7586    0.8817
-0.1802   -0.0561
-0.2078   -0.8412
0.8967   -0.1548
0.4123    1.1886
0.5475   -0.4149
0.1478   -0.6586
-0.3623    0.9840
0.0611    0.1012
0.2167   -0.3627
-1.3981   -0.7388
0.1789   -1.4798
0.9276    0.1534
-0.1102   -0.3170
1.5724    0.3189
0.5605   -1.4565
-0.4203    1.3218
-0.1539    0.4872
-0.2752   -1.5666
0.2411    1.0571
0.7547   -0.5876
-0.2919    0.3022
0.4584    0.2195
1.7553   -0.8782
0.9315   -2.8614
0.8253    0.5356
-0.8148   -0.3420
-0.5342   -0.5979
0.2426    0.4189
-0.1006   -0.6897
-1.6250    0.6712
-1.5144    0.1509
1.0262   -0.9913
-0.7581    0.8368
2.0783    0.4745
-2.2220    1.2522
0.4488   -0.8926
0.0006   -0.8953
-0.7562    0.3133
0.4043    0.6670
-0.7939    0.8281
0.8598    0.0065
0.0669   -0.2359
-1.6394    0.6528
-2.4247    1.9645
-0.2838    0.8846
1.1458    0.0845
0.1812   -0.5745
0.0543    0.4998
0.6878   -0.4841
-1.3934    0.2384
1.4254    0.7782
-0.8939    0.9243
0.0378    0.5881
-0.3636    1.3779
0.1496    1.8512
-1.9445   -1.8977
1.5239   -1.7787
0.5458   -0.9226
2.0099   -1.9979
1.4167   -0.3571
0.0115   -0.3364
-0.9390    0.2504
-1.7389    0.2862
0.0170   -0.6862
0.2192   -0.8133
1.0458    0.7934
-0.9510   -0.3819
0.7948   -1.3712
0.0714    0.0103
-0.7737    0.2041
0.7742   -0.4110
0.2657    0.6636
-0.2351    0.2258
1.8773   -0.2128
0.6092   -0.0440
-0.1103    0.4582
0.2775   -0.4414
0.0870   -1.0549
0.1736   -0.1556
0.4536    0.1291
-0.6035    0.5094
-0.7970   -0.0301
0.3606   -0.4574
1.8851    0.5963
-0.3068   -0.1135
-1.0127    0.8070
-0.2385   -0.0898
-0.4840   -0.0063
-0.3273   -0.0919
0.4755   -0.9212
-0.1300   -0.9270
-0.5944   -0.9612
-0.4438    1.7848
-1.3225   -0.2002
-0.8595    0.9404
-1.4130    0.3492
-0.5160    1.8593
-1.0851    0.9271
-0.7072   -1.2270
-0.3017   -0.3272
-1.2004    0.8916
-0.0194    0.2882
0.3404    2.2652
-0.9632   -0.0479
1.1139   -1.5519
-1.5861    0.4441
-0.3918   -0.9118
-1.4847    0.0494
-0.3446    1.0780
-1.3239    0.3082
-0.5748    0.2996
-0.7407   -0.1972
-1.1850   -0.1464
-2.0649   -0.1031
0.5651   -2.7990
2.0001    0.3933
2.2233    0.9902
-0.4922   -1.2976
-0.0460   -1.5220
-0.4657    0.6210
0.0759   -1.5075
-0.9188   -1.6794
-1.9195    0.7890
-0.0364   -0.6543
-1.2251    1.2449
-1.9024   -1.2923
2.3742   -0.6144
-0.2333    0.2417
0.4039    0.5493
1.1925    0.4676
-1.6848    0.1915
0.4131   -0.2298
0.5017   -0.5792
0.0831    0.4805
0.1578   -0.3868
-0.5279    0.4216
0.7231    1.0877
-0.8499   -2.2493
-0.7964    1.8045
0.7253   -0.6321
1.6865    1.3165
-0.3864    1.5516
-0.5051   -1.4689
0.4081    0.1769
1.0724    3.4663
0.9680   -0.2146
0.2701    0.4863
-0.6344    0.3309
0.6298    1.2679
-0.0792    1.0905
1.3769   -0.9465
-1.4082   -0.4385
0.1412    0.3432
1.2897   -0.0584
-0.4949    2.5350
-0.6248    0.4386
-0.9336    0.4375
-0.2787   -0.8377
-0.2005   -1.3075
0.1367    0.7941
-0.8833   -0.1973
0.0825    0.6492
-0.6039   -0.8315
-0.3687    0.8960
-0.8382   -1.8135
-0.2825    1.5667
