-1.0000   -1.0000    0.0585
-1.0000   -0.9000    0.0644
-1.0000   -0.8000    0.0701
-1.0000   -0.7000    0.0756
-1.0000   -0.6000    0.0806
-1.0000   -0.5000    0.0852
-1.0000   -0.4000    0.0891
-1.0000   -0.3000    0.0923
-1.0000   -0.2000    0.0946
-1.0000   -0.1000    0.0961
-1.0000         0    0.0965
-1.0000    0.1000    0.0961
-1.0000    0.2000    0.0946
-1.0000    0.3000    0.0923
-1.0000    0.4000    0.0891
-1.0000    0.5000    0.0852
-1.0000    0.6000    0.0806
-1.0000    0.7000    0.0756
-1.0000    0.8000    0.0701
-1.0000    0.9000    0.0644
-1.0000    1.0000    0.0585
-0.9000   -1.0000    0.0644
-0.9000   -0.9000    0.0708
-0.9000   -0.8000    0.0771
-0.9000   -0.7000    0.0831
-0.9000   -0.6000    0.0887
-0.9000   -0.5000    0.0937
-0.9000   -0.4000    0.0980
-0.9000   -0.3000    0.1015
-0.9000   -0.2000    0.1041
-0.9000   -0.1000    0.1056
-0.9000         0    0.1062
-0.9000    0.1000    0.1056
-0.9000    0.2000    0.1041
-0.9000    0.3000    0.1015
-0.9000    0.4000    0.0980
-0.9000    0.5000    0.0937
-0.9000    0.6000    0.0887
-0.9000    0.7000    0.0831
-0.9000    0.8000    0.0771
-0.9000    0.9000    0.0708
-0.9000    1.0000    0.0644
-0.8000   -1.0000    0.0701
-0.8000   -0.9000    0.0771
-0.8000   -0.8000    0.0839
-0.8000   -0.7000    0.0905
-0.8000   -0.6000    0.0965
-0.8000   -0.5000    0.1020
-0.8000   -0.4000    0.1067
-0.8000   -0.3000    0.1105
-0.8000   -0.2000    0.1133
-0.8000   -0.1000    0.1150
-0.8000         0    0.1156
-0.8000    0.1000    0.1150
-0.8000    0.2000    0.1133
-0.8000    0.3000    0.1105
-0.8000    0.4000    0.1067
-0.8000    0.5000    0.1020
-0.8000    0.6000    0.0965
-0.8000    0.7000    0.0905
-0.8000    0.8000    0.0839
-0.8000    0.9000    0.0771
-0.8000    1.0000    0.0701
-0.7000   -1.0000    0.0756
-0.7000   -0.9000    0.0831
-0.7000   -0.8000    0.0905
-0.7000   -0.7000    0.0975
-0.7000   -0.6000    0.1041
-0.7000   -0.5000    0.1099
-0.7000   -0.4000    0.1150
-0.7000   -0.3000    0.1191
-0.7000   -0.2000    0.1221
-0.7000   -0.1000    0.1239
-0.7000         0    0.1246
-0.7000    0.1000    0.1239
-0.7000    0.2000    0.1221
-0.7000    0.3000    0.1191
-0.7000    0.4000    0.1150
-0.7000    0.5000    0.1099
-0.7000    0.6000    0.1041
-0.7000    0.7000    0.0975
-0.7000    0.8000    0.0905
-0.7000    0.9000    0.0831
-0.7000    1.0000    0.0756
-0.6000   -1.0000    0.0806
-0.6000   -0.9000    0.0887
-0.6000   -0.8000    0.0965
-0.6000   -0.7000    0.1041
-0.6000   -0.6000    0.1110
-0.6000   -0.5000    0.1173
-0.6000   -0.4000    0.1227
-0.6000   -0.3000    0.1271
-0.6000   -0.2000    0.1303
-0.6000   -0.1000    0.1323
-0.6000         0    0.1329
-0.6000    0.1000    0.1323
-0.6000    0.2000    0.1303
-0.6000    0.3000    0.1271
-0.6000    0.4000    0.1227
-0.6000    0.5000    0.1173
-0.6000    0.6000    0.1110
-0.6000    0.7000    0.1041
-0.6000    0.8000    0.0965
-0.6000    0.9000    0.0887
-0.6000    1.0000    0.0806
-0.5000   -1.0000    0.0852
-0.5000   -0.9000    0.0937
-0.5000   -0.8000    0.1020
-0.5000   -0.7000    0.1099
-0.5000   -0.6000    0.1173
-0.5000   -0.5000    0.1239
-0.5000   -0.4000    0.1297
-0.5000   -0.3000    0.1343
-0.5000   -0.2000    0.1377
-0.5000   -0.1000    0.1398
-0.5000         0    0.1405
-0.5000    0.1000    0.1398
-0.5000    0.2000    0.1377
-0.5000    0.3000    0.1343
-0.5000    0.4000    0.1297
-0.5000    0.5000    0.1239
-0.5000    0.6000    0.1173
-0.5000    0.7000    0.1099
-0.5000    0.8000    0.1020
-0.5000    0.9000    0.0937
-0.5000    1.0000    0.0852
-0.4000   -1.0000    0.0891
-0.4000   -0.9000    0.0980
-0.4000   -0.8000    0.1067
-0.4000   -0.7000    0.1150
-0.4000   -0.6000    0.1227
-0.4000   -0.5000    0.1297
-0.4000   -0.4000    0.1356
-0.4000   -0.3000    0.1405
-0.4000   -0.2000    0.1440
-0.4000   -0.1000    0.1462
-0.4000         0    0.1469
-0.4000    0.1000    0.1462
-0.4000    0.2000    0.1440
-0.4000    0.3000    0.1405
-0.4000    0.4000    0.1356
-0.4000    0.5000    0.1297
-0.4000    0.6000    0.1227
-0.4000    0.7000    0.1150
-0.4000    0.8000    0.1067
-0.4000    0.9000    0.0980
-0.4000    1.0000    0.0891
-0.3000   -1.0000    0.0923
-0.3000   -0.9000    0.1015
-0.3000   -0.8000    0.1105
-0.3000   -0.7000    0.1191
-0.3000   -0.6000    0.1271
-0.3000   -0.5000    0.1343
-0.3000   -0.4000    0.1405
-0.3000   -0.3000    0.1455
-0.3000   -0.2000    0.1491
-0.3000   -0.1000    0.1514
-0.3000         0    0.1522
-0.3000    0.1000    0.1514
-0.3000    0.2000    0.1491
-0.3000    0.3000    0.1455
-0.3000    0.4000    0.1405
-0.3000    0.5000    0.1343
-0.3000    0.6000    0.1271
-0.3000    0.7000    0.1191
-0.3000    0.8000    0.1105
-0.3000    0.9000    0.1015
-0.3000    1.0000    0.0923
-0.2000   -1.0000    0.0946
-0.2000   -0.9000    0.1041
-0.2000   -0.8000    0.1133
-0.2000   -0.7000    0.1221
-0.2000   -0.6000    0.1303
-0.2000   -0.5000    0.1377
-0.2000   -0.4000    0.1440
-0.2000   -0.3000    0.1491
-0.2000   -0.2000    0.1529
-0.2000   -0.1000    0.1552
-0.2000         0    0.1560
-0.2000    0.1000    0.1552
-0.2000    0.2000    0.1529
-0.2000    0.3000    0.1491
-0.2000    0.4000    0.1440
-0.2000    0.5000    0.1377
-0.2000    0.6000    0.1303
-0.2000    0.7000    0.1221
-0.2000    0.8000    0.1133
-0.2000    0.9000    0.1041
-0.2000    1.0000    0.0946
-0.1000   -1.0000    0.0961
-0.1000   -0.9000    0.1056
-0.1000   -0.8000    0.1150
-0.1000   -0.7000    0.1239
-0.1000   -0.6000    0.1323
-0.1000   -0.5000    0.1398
-0.1000   -0.4000    0.1462
-0.1000   -0.3000    0.1514
-0.1000   -0.2000    0.1552
-0.1000   -0.1000    0.1576
-0.1000         0    0.1584
-0.1000    0.1000    0.1576
-0.1000    0.2000    0.1552
-0.1000    0.3000    0.1514
-0.1000    0.4000    0.1462
-0.1000    0.5000    0.1398
-0.1000    0.6000    0.1323
-0.1000    0.7000    0.1239
-0.1000    0.8000    0.1150
-0.1000    0.9000    0.1056
-0.1000    1.0000    0.0961
     0   -1.0000    0.0965
     0   -0.9000    0.1062
     0   -0.8000    0.1156
     0   -0.7000    0.1246
     0   -0.6000    0.1329
     0   -0.5000    0.1405
     0   -0.4000    0.1469
     0   -0.3000    0.1522
     0   -0.2000    0.1560
     0   -0.1000    0.1584
     0         0    0.1592
     0    0.1000    0.1584
     0    0.2000    0.1560
     0    0.3000    0.1522
     0    0.4000    0.1469
     0    0.5000    0.1405
     0    0.6000    0.1329
     0    0.7000    0.1246
     0    0.8000    0.1156
     0    0.9000    0.1062
     0    1.0000    0.0965
0.1000   -1.0000    0.0961
0.1000   -0.9000    0.1056
0.1000   -0.8000    0.1150
0.1000   -0.7000    0.1239
0.1000   -0.6000    0.1323
0.1000   -0.5000    0.1398
0.1000   -0.4000    0.1462
0.1000   -0.3000    0.1514
0.1000   -0.2000    0.1552
0.1000   -0.1000    0.1576
0.1000         0    0.1584
0.1000    0.1000    0.1576
0.1000    0.2000    0.1552
0.1000    0.3000    0.1514
0.1000    0.4000    0.1462
0.1000    0.5000    0.1398
0.1000    0.6000    0.1323
0.1000    0.7000    0.1239
0.1000    0.8000    0.1150
0.1000    0.9000    0.1056
0.1000    1.0000    0.0961
0.2000   -1.0000    0.0946
0.2000   -0.9000    0.1041
0.2000   -0.8000    0.1133
0.2000   -0.7000    0.1221
0.2000   -0.6000    0.1303
0.2000   -0.5000    0.1377
0.2000   -0.4000    0.1440
0.2000   -0.3000    0.1491
0.2000   -0.2000    0.1529
0.2000   -0.1000    0.1552
0.2000         0    0.1560
0.2000    0.1000    0.1552
0.2000    0.2000    0.1529
0.2000    0.3000    0.1491
0.2000    0.4000    0.1440
0.2000    0.5000    0.1377
0.2000    0.6000    0.1303
0.2000    0.7000    0.1221
0.2000    0.8000    0.1133
0.2000    0.9000    0.1041
0.2000    1.0000    0.0946
0.3000   -1.0000    0.0923
0.3000   -0.9000    0.1015
0.3000   -0.8000    0.1105
0.3000   -0.7000    0.1191
0.3000   -0.6000    0.1271
0.3000   -0.5000    0.1343
0.3000   -0.4000    0.1405
0.3000   -0.3000    0.1455
0.3000   -0.2000    0.1491
0.3000   -0.1000    0.1514
0.3000         0    0.1522
0.3000    0.1000    0.1514
0.3000    0.2000    0.1491
0.3000    0.3000    0.1455
0.3000    0.4000    0.1405
0.3000    0.5000    0.1343
0.3000    0.6000    0.1271
0.3000    0.7000    0.1191
0.3000    0.8000    0.1105
0.3000    0.9000    0.1015
0.3000    1.0000    0.0923
0.4000   -1.0000    0.0891
0.4000   -0.9000    0.0980
0.4000   -0.8000    0.1067
0.4000   -0.7000    0.1150
0.4000   -0.6000    0.1227
0.4000   -0.5000    0.1297
0.4000   -0.4000    0.1356
0.4000   -0.3000    0.1405
0.4000   -0.2000    0.1440
0.4000   -0.1000    0.1462
0.4000         0    0.1469
0.4000    0.1000    0.1462
0.4000    0.2000    0.1440
0.4000    0.3000    0.1405
0.4000    0.4000    0.1356
0.4000    0.5000    0.1297
0.4000    0.6000    0.1227
0.4000    0.7000    0.1150
0.4000    0.8000    0.1067
0.4000    0.9000    0.0980
0.4000    1.0000    0.0891
0.5000   -1.0000    0.0852
0.5000   -0.9000    0.0937
0.5000   -0.8000    0.1020
0.5000   -0.7000    0.1099
0.5000   -0.6000    0.1173
0.5000   -0.5000    0.1239
0.5000   -0.4000    0.1297
0.5000   -0.3000    0.1343
0.5000   -0.2000    0.1377
0.5000   -0.1000    0.1398
0.5000         0    0.1405
0.5000    0.1000    0.1398
0.5000    0.2000    0.1377
0.5000    0.3000    0.1343
0.5000    0.4000    0.1297
0.5000    0.5000    0.1239
0.5000    0.6000    0.1173
0.5000    0.7000    0.1099
0.5000    0.8000    0.1020
0.5000    0.9000    0.0937
0.5000    1.0000    0.0852
0.6000   -1.0000    0.0806
0.6000   -0.9000    0.0887
0.6000   -0.8000    0.0965
0.6000   -0.7000    0.1041
0.6000   -0.6000    0.1110
0.6000   -0.5000    0.1173
0.6000   -0.4000    0.1227
0.6000   -0.3000    0.1271
0.6000   -0.2000    0.1303
0.6000   -0.1000    0.1323
0.6000         0    0.1329
0.6000    0.1000    0.1323
0.6000    0.2000    0.1303
0.6000    0.3000    0.1271
0.6000    0.4000    0.1227
0.6000    0.5000    0.1173
0.6000    0.6000    0.1110
0.6000    0.7000    0.1041
0.6000    0.8000    0.0965
0.6000    0.9000    0.0887
0.6000    1.0000    0.0806
0.7000   -1.0000    0.0756
0.7000   -0.9000    0.0831
0.7000   -0.8000    0.0905
0.7000   -0.7000    0.0975
0.7000   -0.6000    0.1041
0.7000   -0.5000    0.1099
0.7000   -0.4000    0.1150
0.7000   -0.3000    0.1191
0.7000   -0.2000    0.1221
0.7000   -0.1000    0.1239
0.7000         0    0.1246
0.7000    0.1000    0.1239
0.7000    0.2000    0.1221
0.7000    0.3000    0.1191
0.7000    0.4000    0.1150
0.7000    0.5000    0.1099
0.7000    0.6000    0.1041
0.7000    0.7000    0.0975
0.7000    0.8000    0.0905
0.7000    0.9000    0.0831
0.7000    1.0000    0.0756
0.8000   -1.0000    0.0701
0.8000   -0.9000    0.0771
0.8000   -0.8000    0.0839
0.8000   -0.7000    0.0905
0.8000   -0.6000    0.0965
0.8000   -0.5000    0.1020
0.8000   -0.4000    0.1067
0.8000   -0.3000    0.1105
0.8000   -0.2000    0.1133
0.8000   -0.1000    0.1150
0.8000         0    0.1156
0.8000    0.1000    0.1150
0.8000    0.2000    0.1133
0.8000    0.3000    0.1105
0.8000    0.4000    0.1067
0.8000    0.5000    0.1020
0.8000    0.6000    0.0965
0.8000    0.7000    0.0905
0.8000    0.8000    0.0839
0.8000    0.9000    0.0771
0.8000    1.0000    0.0701
0.9000   -1.0000    0.0644
0.9000   -0.9000    0.0708
0.9000   -0.8000    0.0771
0.9000   -0.7000    0.0831
0.9000   -0.6000    0.0887
0.9000   -0.5000    0.0937
0.9000   -0.4000    0.0980
0.9000   -0.3000    0.1015
0.9000   -0.2000    0.1041
0.9000   -0.1000    0.1056
0.9000         0    0.1062
0.9000    0.1000    0.1056
0.9000    0.2000    0.1041
0.9000    0.3000    0.1015
0.9000    0.4000    0.0980
0.9000    0.5000    0.0937
0.9000    0.6000    0.0887
0.9000    0.7000    0.0831
0.9000    0.8000    0.0771
0.9000    0.9000    0.0708
0.9000    1.0000    0.0644
1.0000   -1.0000    0.0585
1.0000   -0.9000    0.0644
1.0000   -0.8000    0.0701
1.0000   -0.7000    0.0756
1.0000   -0.6000    0.0806
1.0000   -0.5000    0.0852
1.0000   -0.4000    0.0891
1.0000   -0.3000    0.0923
1.0000   -0.2000    0.0946
1.0000   -0.1000    0.0961
1.0000         0    0.0965
1.0000    0.1000    0.0961
1.0000    0.2000    0.0946
1.0000    0.3000    0.0923
1.0000    0.4000    0.0891
1.0000    0.5000    0.0852
1.0000    0.6000    0.0806
1.0000    0.7000    0.0756
1.0000    0.8000    0.0701
1.0000    0.9000    0.0644
1.0000    1.0000    0.0585
