2.0237
   -2.2584
    2.2294
    0.3376
    1.0001
   -1.6642
   -0.5900
   -0.2781
    0.4227
   -1.6702
    0.4716
   -1.2128
    0.0662
    0.6524
    0.3271
    1.0826
    1.0061
   -0.6509
    0.2571
   -0.9444
   -1.3218
    0.9248
    0.0000
   -0.0549
    0.9111
    0.5946
    0.3502
    1.2503
    0.9298
    0.2398
   -0.6904
   -0.6516
    1.1921
   -1.6118
   -0.0245
   -1.9488
    1.0205
    0.8617
    0.0012
   -0.0708
   -2.4863
    0.5812
   -2.1924
   -2.3193
    0.0799
   -0.9485
    0.4115
    0.6770
    0.8577
   -0.6912
    0.4494
    0.1006
    0.8261
    0.5362
    0.8979
   -0.1319
   -0.1472
    1.0078
   -2.1237
   -0.5046
   -1.2706
   -0.3826
    0.6487
    0.8257
   -1.0149
   -0.4711
    0.1370
   -0.2919
    0.3018
    0.3999
   -0.9300
   -0.1768
   -2.1321
    1.1454
   -0.6291
   -1.2038
   -0.2539
   -1.4286
   -0.0209
   -0.5607
    2.1778
    1.1385
   -2.4969
    0.4413
   -1.3981
   -0.2551
    0.1644
    0.7477
   -0.2730
    1.5763
   -0.4809
    0.3275
    0.6647
    0.0852
    0.8810
    0.3232
   -0.7841
   -1.8054
    1.8586
   -0.6045
    0.1034
    0.5632
    0.1136
   -0.9047
   -0.4677
   -0.1249
    1.4790
   -0.8608
    0.7847
    0.3086
   -0.2339
   -1.0570
   -0.2841
   -0.0867
   -1.4694
    0.1922
   -0.8223
   -0.0942
    0.3362
   -0.9047
   -0.2883
    0.3501
   -1.8359
    1.0360
    2.4245
    0.9594
   -0.3158
    0.4286
   -1.0360
    1.8779
    0.9407
    0.7873
   -0.8759
    0.3199
   -0.5583
   -0.3114
   -0.5700
   -1.0257
   -0.9087
   -0.2099
   -1.6989
    0.6076
   -0.1178
    0.6992
    0.2696
    0.4943
   -1.4831
   -1.0203
   -0.4470
    0.1097
    1.1287
   -0.2900
    1.2616
    0.4754
    1.1741
    0.1269
   -0.6568
   -1.4814
    0.1555
    0.8186
   -0.2926
   -0.5408
   -0.3086
   -1.0966
   -0.4930
   -0.1807
    0.0458
   -0.0638
    0.6113
    0.1093
    1.8140
    0.3120
    1.8045
   -0.7231
    0.5265
   -0.2603
    0.6001
    0.5939
   -2.1860
   -1.3270
   -1.4410
    0.4018
    1.4702
   -0.3268
    0.8123
    0.5455
   -1.0516
    0.3975
   -0.7519
    1.5163
   -0.0326
    1.6360
   -0.4251
    0.5894
   -0.0628
   -2.0220
   -0.9821
    0.6125
   -0.0549
   -1.1187
   -0.6264
    0.2495
   -0.9930
    0.9750
   -0.6407
    1.8089
   -1.0799
    0.1992
   -1.5210
   -0.7236
   -0.5933
    0.4013
    0.9421
    0.3005
   -0.3731
    0.8155
    0.7989
    0.1202
    0.5712
    0.4128
   -0.9870
    0.7596
   -0.6572
   -0.6039
    0.1769
   -0.3075
   -0.1318
    0.5954
    1.0468
   -0.1980
    0.3277
   -0.2383
    0.2296
    0.4400
   -0.6169
    0.2748
    0.6011
    0.0923
    1.7298
   -0.6086
   -0.7371
   -1.7499
    0.9105
    0.8671
   -0.0799
    0.8985
    0.1837
    0.2908
    0.1129
    0.4400
    0.1017
    2.7873
   -1.1667
   -1.8543
   -1.1407
   -1.0933
