-10.0000    0.0000
-9.9000    0.0000
-9.8000    0.0000
-9.7000    0.0000
-9.6000    0.0000
-9.5000    0.0000
-9.4000    0.0000
-9.3000    0.0000
-9.2000    0.0000
-9.1000    0.0000
-9.0000    0.0000
-8.9000    0.0000
-8.8000    0.0000
-8.7000    0.0000
-8.6000    0.0000
-8.5000    0.0000
-8.4000    0.0000
-8.3000    0.0000
-8.2000    0.0000
-8.1000    0.0000
-8.0000    0.0000
-7.9000    0.0000
-7.8000    0.0000
-7.7000    0.0000
-7.6000    0.0000
-7.5000    0.0000
-7.4000    0.0000
-7.3000    0.0000
-7.2000    0.0000
-7.1000    0.0000
-7.0000    0.0000
-6.9000    0.0000
-6.8000    0.0000
-6.7000    0.0000
-6.6000    0.0000
-6.5000    0.0000
-6.4000    0.0000
-6.3000    0.0000
-6.2000    0.0000
-6.1000    0.0000
-6.0000    0.0000
-5.9000    0.0000
-5.8000    0.0000
-5.7000    0.0000
-5.6000    0.0000
-5.5000    0.0000
-5.4000    0.0000
-5.3000    0.0000
-5.2000    0.0000
-5.1000    0.0000
-5.0000    0.0000
-4.9000    0.0000
-4.8000    0.0000
-4.7000    0.0000
-4.6000    0.0000
-4.5000    0.0000
-4.4000    0.0000
-4.3000    0.0000
-4.2000    0.0001
-4.1000    0.0001
-4.0000    0.0001
-3.9000    0.0002
-3.8000    0.0003
-3.7000    0.0004
-3.6000    0.0006
-3.5000    0.0009
-3.4000    0.0012
-3.3000    0.0017
-3.2000    0.0024
-3.1000    0.0033
-3.0000    0.0044
-2.9000    0.0060
-2.8000    0.0079
-2.7000    0.0104
-2.6000    0.0136
-2.5000    0.0175
-2.4000    0.0224
-2.3000    0.0283
-2.2000    0.0355
-2.1000    0.0440
-2.0000    0.0540
-1.9000    0.0656
-1.8000    0.0790
-1.7000    0.0940
-1.6000    0.1109
-1.5000    0.1295
-1.4000    0.1497
-1.3000    0.1714
-1.2000    0.1942
-1.1000    0.2179
-1.0000    0.2420
-0.9000    0.2661
-0.8000    0.2897
-0.7000    0.3123
-0.6000    0.3332
-0.5000    0.3521
-0.4000    0.3683
-0.3000    0.3814
-0.2000    0.3910
-0.1000    0.3970
     0    0.3989
0.1000    0.3970
0.2000    0.3910
0.3000    0.3814
0.4000    0.3683
0.5000    0.3521
0.6000    0.3332
0.7000    0.3123
0.8000    0.2897
0.9000    0.2661
1.0000    0.2420
1.1000    0.2179
1.2000    0.1942
1.3000    0.1714
1.4000    0.1497
1.5000    0.1295
1.6000    0.1109
1.7000    0.0940
1.8000    0.0790
1.9000    0.0656
2.0000    0.0540
2.1000    0.0440
2.2000    0.0355
2.3000    0.0283
2.4000    0.0224
2.5000    0.0175
2.6000    0.0136
2.7000    0.0104
2.8000    0.0079
2.9000    0.0060
3.0000    0.0044
3.1000    0.0033
3.2000    0.0024
3.3000    0.0017
3.4000    0.0012
3.5000    0.0009
3.6000    0.0006
3.7000    0.0004
3.8000    0.0003
3.9000    0.0002
4.0000    0.0001
4.1000    0.0001
4.2000    0.0001
4.3000    0.0000
4.4000    0.0000
4.5000    0.0000
4.6000    0.0000
4.7000    0.0000
4.8000    0.0000
4.9000    0.0000
5.0000    0.0000
5.1000    0.0000
5.2000    0.0000
5.3000    0.0000
5.4000    0.0000
5.5000    0.0000
5.6000    0.0000
5.7000    0.0000
5.8000    0.0000
5.9000    0.0000
6.0000    0.0000
6.1000    0.0000
6.2000    0.0000
6.3000    0.0000
6.4000    0.0000
6.5000    0.0000
6.6000    0.0000
6.7000    0.0000
6.8000    0.0000
6.9000    0.0000
7.0000    0.0000
7.1000    0.0000
7.2000    0.0000
7.3000    0.0000
7.4000    0.0000
7.5000    0.0000
7.6000    0.0000
7.7000    0.0000
7.8000    0.0000
7.9000    0.0000
8.0000    0.0000
8.1000    0.0000
8.2000    0.0000
8.3000    0.0000
8.4000    0.0000
8.5000    0.0000
8.6000    0.0000
8.7000    0.0000
8.8000    0.0000
8.9000    0.0000
9.0000    0.0000
9.1000    0.0000
9.2000    0.0000
9.3000    0.0000
9.4000    0.0000
9.5000    0.0000
9.6000    0.0000
9.7000    0.0000
9.8000    0.0000
9.9000    0.0000
10.0000    0.0000
